9 Process_9 1830 1830 32768
3 Process_3 1316 1321 32768
10 Process_10 1477 1487 32768
11 Process_11 1277 1277 32768
12 Process_12 1736 1741 32768
6 Process_6 1931 1936 32768
13 Process_13 1960 1965 32768
14 Process_14 1971 1971 32768
15 Process_15 0 100 8192
16 Process_16 1446 1451 32768
17 Process_17 0 100 16384
19 Process_19 1166 1166 32768
18 Process_18 1390 1390 32768
20 Process_20 1754 1759 32768
21 Process_21 10 100 8192
22 Process_22 1284 1284 32768
23 Process_23 1445 1445 32768
25 Process_25 5 100 4096
27 Process_27 1161 1166 32768
28 Process_28 1837 1837 32768
24 Process_24 1176 1176 32768
30 Process_30 1634 1639 32768
32 Process_32 1945 1955 32768
34 Process_34 1250 1250 32768
29 Process_29 1214 1219 32768
26 Process_26 1548 1553 32768
37 Process_37 5 100 2048
35 Process_35 1717 1727 32768
39 Process_39 1801 1801 32768
36 Process_36 1273 1278 32768
41 Process_41 5 100 1024
38 Process_38 1538 1543 32768
45 Process_45 1784 1784 32768
33 Process_33 1770 1770 32768
40 Process_40 1051 1051 32768
43 Process_43 0 100 4096
42 Process_42 0 100 8192
47 Process_47 0 100 4096
48 Process_48 0 100 16384
46 Process_46 1623 1628 32768
53 Process_53 0 100 16384
44 Process_44 1980 1980 32768
31 Process_31 1084 1084 32768
50 Process_50 80 100 1024
54 Process_54 10 100 4096
56 Process_56 0 100 16384
52 Process_52 1498 1498 32768
60 Process_60 1933 1933 32768
59 Process_59 1289 1289 32768
49 Process_49 10 100 2048
61 Process_61 1215 1215 32768
55 Process_55 5 100 4096
65 Process_65 1922 1927 32768
64 Process_64 1170 1175 32768
57 Process_57 1937 1937 32768
67 Process_67 5 100 16384
70 Process_70 1849 1849 32768
87 Process_87 85 100 1024
85 Process_85 0 100 16384
75 Process_75 0 100 8192
86 Process_86 80 100 2048
92 Process_92 0 100 8192
73 Process_73 0 100 8192
89 Process_89 1077 1082 32768
72 Process_72 0 100 8192
78 Process_78 1932 1932 32768
94 Process_94 0 100 16384
76 Process_76 1721 1721 32768
84 Process_84 0 100 2048
99 Process_99 0 100 8192
68 Process_68 1462 1462 32768
100 Process_100 0 100 4096
74 Process_74 0 100 16384
98 Process_98 0 100 16384
71 Process_71 25 100 1024
77 Process_77 1668 1673 32768
102 Process_102 10 100 8192
103 Process_103 10 100 2048
95 Process_95 1191 1191 32768
81 Process_81 0 100 16384
96 Process_96 40 100 1024
82 Process_82 1237 1242 32768
106 Process_106 0 100 16384
66 Process_66 1448 1458 32768
83 Process_83 5 100 8192
79 Process_79 30 100 1024
110 Process_110 1466 1466 32768
111 Process_111 0 100 4096
107 Process_107 0 100 4096
112 Process_112 0 100 2048
113 Process_113 1221 1226 32768
108 Process_108 0 100 16384
105 Process_105 0 100 8192
90 Process_90 1831 1831 32768
122 Process_122 1514 1514 32768
117 Process_117 5 100 1024
123 Process_123 1906 1906 32768
118 Process_118 1659 1659 32768
124 Process_124 0 100 8192
115 Process_115 15 100 8192
93 Process_93 0 100 4096
129 Process_129 0 100 16384
91 Process_91 1987 1987 32768
116 Process_116 0 100 2048
97 Process_97 5 100 1024
127 Process_127 15 100 1024
126 Process_126 0 100 4096
80 Process_80 1408 1408 32768
128 Process_128 1010 1020 32768
51 Process_51 0 100 1024
104 Process_104 0 100 2048
140 Process_140 0 100 16384
136 Process_136 10 100 1024
141 Process_141 1914 1914 32768
142 Process_142 15 100 4096
144 Process_144 10 100 16384
139 Process_139 20 100 1024
147 Process_147 0 100 4096
148 Process_148 1481 1481 32768
138 Process_138 1319 1319 32768
125 Process_125 1282 1282 32768
109 Process_109 20 100 1024
151 Process_151 0 100 16384
152 Process_152 1344 1344 32768
154 Process_154 1750 1750 32768
149 Process_149 1625 1625 32768
155 Process_155 5 100 8192
69 Process_69 0 100 8192
146 Process_146 1830 1830 32768
120 Process_120 1738 1738 32768
133 Process_133 1966 1966 32768
150 Process_150 5 100 16384
162 Process_162 15 100 4096
163 Process_163 5 100 8192
164 Process_164 0 100 8192
156 Process_156 0 100 1024
168 Process_168 0 100 4096
157 Process_157 1780 1780 32768
170 Process_170 1243 1243 32768
119 Process_119 1753 1763 32768
171 Process_171 1275 1275 32768
167 Process_167 1124 1129 32768
58 Process_58 1595 1600 32768
135 Process_135 5 100 1024
173 Process_173 30 100 4096
165 Process_165 0 100 8192
159 Process_159 1975 1980 32768
182 Process_182 1771 1771 32768
130 Process_130 1748 1748 32768
201 Process_201 1248 1248 32768
191 Process_191 0 100 2048
199 Process_199 5 100 16384
179 Process_179 0 100 8192
187 Process_187 0 100 4096
169 Process_169 1675 1675 32768
181 Process_181 50 100 4096
177 Process_177 0 100 8192
203 Process_203 1673 1673 32768
175 Process_175 1641 1641 32768
194 Process_194 0 100 4096
190 Process_190 1836 1836 32768
204 Process_204 5 100 4096
166 Process_166 1534 1539 32768
205 Process_205 1321 1321 32768
197 Process_197 0 100 4096
207 Process_207 0 100 16384
193 Process_193 1255 1255 32768
189 Process_189 50 100 2048
131 Process_131 1780 1780 32768
209 Process_209 1933 1933 32768
202 Process_202 30 100 2048
174 Process_174 1628 1628 32768
210 Process_210 1048 1053 32768
213 Process_213 0 100 4096
143 Process_143 1881 1881 32768
178 Process_178 5 100 4096
208 Process_208 1425 1425 32768
219 Process_219 1216 1216 32768
160 Process_160 10 100 8192
211 Process_211 5 100 4096
198 Process_198 0 100 8192
222 Process_222 35 100 8192
114 Process_114 55 100 1024
227 Process_227 0 100 16384
212 Process_212 0 100 8192
230 Process_230 10 100 8192
172 Process_172 0 100 4096
216 Process_216 0 100 16384
217 Process_217 10 100 4096
180 Process_180 0 100 4096
153 Process_153 1162 1162 32768
176 Process_176 1310 1310 32768
184 Process_184 40 100 2048
223 Process_223 0 100 2048
224 Process_224 0 100 16384
241 Process_241 0 100 8192
101 Process_101 5 100 1024
158 Process_158 1724 1724 32768
236 Process_236 0 100 4096
186 Process_186 1636 1636 32768
145 Process_145 5 100 1024
246 Process_246 0 100 4096
215 Process_215 0 100 8192
249 Process_249 10 100 2048
200 Process_200 1260 1260 32768
192 Process_192 1505 1505 32768
235 Process_235 0 100 4096
257 Process_257 30 100 4096
161 Process_161 0 100 8192
239 Process_239 1149 1149 32768
231 Process_231 0 100 16384
253 Process_253 0 100 2048
260 Process_260 1109 1109 32768
218 Process_218 5 100 4096
243 Process_243 0 100 16384
250 Process_250 20 100 2048
263 Process_263 15 100 8192
264 Process_264 0 100 16384
244 Process_244 1956 1956 32768
221 Process_221 5 100 4096
232 Process_232 20 100 4096
242 Process_242 10 100 1024
274 Process_274 0 100 16384
281 Process_281 0 100 16384
240 Process_240 20 100 8192
270 Process_270 0 100 16384
233 Process_233 0 100 16384
285 Process_285 0 100 16384
185 Process_185 10 100 4096
234 Process_234 10 100 4096
289 Process_289 15 100 2048
277 Process_277 40 100 1024
259 Process_259 35 100 2048
282 Process_282 1814 1814 32768
296 Process_296 40 100 1024
261 Process_261 15 100 4096
225 Process_225 1887 1887 32768
134 Process_134 0 100 1024
254 Process_254 30 100 1024
297 Process_297 30 100 1024
287 Process_287 0 100 16384
298 Process_298 45 100 2048
226 Process_226 5 100 4096
262 Process_262 5 100 8192
301 Process_301 1125 1125 32768
238 Process_238 0 100 4096
229 Process_229 45 100 1024
195 Process_195 1116 1116 32768
305 Process_305 0 100 16384
307 Process_307 10 100 8192
308 Process_308 40 100 4096
271 Process_271 0 100 16384
286 Process_286 10 100 4096
311 Process_311 5 100 16384
290 Process_290 15 100 16384
258 Process_258 5 100 4096
314 Process_314 1454 1454 32768
315 Process_315 0 100 8192
292 Process_292 1927 1927 32768
293 Process_293 40 100 1024
267 Process_267 1646 1646 32768
121 Process_121 1943 1943 32768
321 Process_321 1584 1584 32768
322 Process_322 5 100 4096
228 Process_228 5 100 2048
312 Process_312 10 100 8192
300 Process_300 0 100 8192
245 Process_245 20 100 4096
326 Process_326 30 100 8192
251 Process_251 10 100 2048
327 Process_327 0 100 2048
329 Process_329 25 100 4096
316 Process_316 20 100 8192
331 Process_331 20 100 2048
280 Process_280 1052 1052 32768
332 Process_332 15 100 2048
318 Process_318 0 100 16384
283 Process_283 0 100 4096
137 Process_137 20 100 2048
299 Process_299 5 100 8192
275 Process_275 20 100 1024
342 Process_342 0 100 16384
278 Process_278 1926 1926 32768
345 Process_345 1140 1140 32768
346 Process_346 10 100 4096
304 Process_304 15 100 4096
350 Process_350 10 100 4096
268 Process_268 0 100 8192
336 Process_336 0 100 16384
324 Process_324 5 100 1024
358 Process_358 40 100 2048
340 Process_340 0 100 16384
341 Process_341 80 100 2048
362 Process_362 0 100 16384
276 Process_276 80 100 1024
291 Process_291 0 100 4096
367 Process_367 0 100 16384
368 Process_368 0 100 2048
369 Process_369 0 100 16384
306 Process_306 0 100 16384
351 Process_351 20 100 1024
320 Process_320 5 100 8192
284 Process_284 10 100 2048
353 Process_353 0 100 8192
335 Process_335 0 100 2048
372 Process_372 15 100 4096
338 Process_338 0 100 8192
374 Process_374 0 100 16384
288 Process_288 25 100 4096
376 Process_376 5 100 4096
375 Process_375 10 100 8192
343 Process_343 10 100 16384
237 Process_237 10 100 2048
364 Process_364 30 100 8192
377 Process_377 10 100 16384
349 Process_349 10 100 4096
294 Process_294 5 100 4096
295 Process_295 50 100 1024
206 Process_206 15 100 2048
371 Process_371 45 100 1024
255 Process_255 10 100 8192
309 Process_309 0 100 4096
256 Process_256 15 100 2048
310 Process_310 60 100 2048
337 Process_337 0 100 8192
359 Process_359 0 100 8192
361 Process_361 20 100 4096
378 Process_378 0 100 16384
265 Process_265 20 100 1024
373 Process_373 10 100 2048
313 Process_313 1627 1627 32768
348 Process_348 0 100 4096
333 Process_333 10 100 8192
370 Process_370 85 100 1024
356 Process_356 55 100 2048
366 Process_366 40 100 1024
365 Process_365 1054 1064 32768
252 Process_252 20 100 2048
379 Process_379 5 100 4096
317 Process_317 0 100 2048
325 Process_325 0 100 1024
269 Process_269 5 100 1024
352 Process_352 1655 1655 32768
247 Process_247 15 100 1024
303 Process_303 10 100 1024
323 Process_323 5 100 16384
328 Process_328 0 100 16384
220 Process_220 30 100 1024
355 Process_355 5 100 4096
360 Process_360 1488 1488 32768
363 Process_363 20 100 1024
279 Process_279 10 100 2048
330 Process_330 25 100 2048
183 Process_183 20 100 1024
334 Process_334 0 100 1024
248 Process_248 1029 1029 32768
344 Process_344 25 100 4096
339 Process_339 15 100 1024
302 Process_302 30 100 1024
347 Process_347 10 100 1024
266 Process_266 0 100 4096
357 Process_357 0 100 8192
354 Process_354 20 100 1024
1 Process_1 1240 1245 32768
7 Process_7 1323 1323 32768
8 Process_8 1235 1245 32768
2 Process_2 1141 1141 32768
5 Process_5 1082 1082 32768
62 Process_62 1562 1567 32768
63 Process_63 1421 1421 32768
0 Process_0 1931 1946 32768
88 Process_88 1436 1436 32768
4 Process_4 1914 1914 32768
396 Process_396 1749 1749 32768
406 Process_406 1206 1206 32768
399 Process_399 1121 1121 32768
