32 Process_32 0 100 1024
33 Process_33 0 100 1024
34 Process_34 0 100 1024
35 Process_35 85 100 1024
36 Process_36 75 100 1024
37 Process_37 0 100 1024
38 Process_38 5 100 1024
39 Process_39 0 100 1024
40 Process_40 5 100 1024
41 Process_41 5 100 1024
42 Process_42 75 100 1024
43 Process_43 5 100 1024
44 Process_44 5 100 1024
45 Process_45 5 100 1024
46 Process_46 5 100 1024
47 Process_47 5 100 1024
48 Process_48 5 100 1024
49 Process_49 70 100 1024
50 Process_50 5 100 1024
31 Process_31 0 100 1024
12 Process_12 0 100 1024
51 Process_51 5 100 1024
13 Process_13 5 100 1024
52 Process_52 5 100 1024
14 Process_14 65 100 1024
53 Process_53 10 100 1024
15 Process_15 10 100 1024
54 Process_54 10 100 1024
16 Process_16 85 100 1024
55 Process_55 15 100 1024
17 Process_17 10 100 1024
56 Process_56 85 100 1024
18 Process_18 15 100 1024
57 Process_57 20 100 1024
19 Process_19 20 100 1024
0 Process_0 20 100 1024
58 Process_58 20 100 1024
1 Process_1 20 100 1024
59 Process_59 25 100 1024
2 Process_2 25 100 1024
60 Process_60 30 100 1024
3 Process_3 25 100 1024
61 Process_61 30 100 1024
4 Process_4 30 100 1024
62 Process_62 35 100 1024
5 Process_5 30 100 1024
63 Process_63 40 100 1024
64 Process_64 40 100 1024
6 Process_6 35 100 1024
65 Process_65 40 100 1024
7 Process_7 35 100 1024
8 Process_8 40 100 1024
66 Process_66 45 100 1024
67 Process_67 45 100 1024
68 Process_68 50 100 1024
69 Process_69 50 100 1024
9 Process_9 40 100 1024
70 Process_70 55 100 1024
71 Process_71 55 100 1024
72 Process_72 55 100 1024
73 Process_73 60 100 1024
74 Process_74 60 100 1024
75 Process_75 65 100 1024
76 Process_76 70 100 1024
77 Process_77 65 100 1024
78 Process_78 75 100 1024
79 Process_79 70 100 1024
80 Process_80 75 100 1024
81 Process_81 75 100 1024
82 Process_82 75 100 1024
83 Process_83 80 100 1024
84 Process_84 80 100 1024
85 Process_85 80 100 1024
86 Process_86 85 100 1024
87 Process_87 90 100 1024
88 Process_88 0 100 1024
89 Process_89 0 100 1024
90 Process_90 0 100 1024
91 Process_91 0 100 1024
92 Process_92 10 100 1024
93 Process_93 90 100 1024
94 Process_94 35 100 1024
95 Process_95 35 100 1024
96 Process_96 0 100 1024
97 Process_97 0 100 1024
98 Process_98 0 100 1024
99 Process_99 0 100 1024
21 Process_21 20 100 1024
120 Process_120 15 100 1024
121 Process_121 0 100 1024
122 Process_122 0 100 1024
123 Process_123 10 100 1024
124 Process_124 0 100 1024
125 Process_125 0 100 1024
126 Process_126 0 100 1024
127 Process_127 0 100 1024
128 Process_128 20 100 1024
129 Process_129 0 100 1024
130 Process_130 0 100 1024
131 Process_131 15 100 1024
132 Process_132 0 100 1024
133 Process_133 5 100 1024
134 Process_134 0 100 1024
135 Process_135 0 100 1024
136 Process_136 0 100 1024
137 Process_137 0 100 1024
138 Process_138 0 100 1024
139 Process_139 5 100 1024
140 Process_140 0 100 1024
141 Process_141 35 100 1024
142 Process_142 35 100 1024
143 Process_143 35 100 1024
144 Process_144 35 100 1024
145 Process_145 0 100 1024
146 Process_146 0 100 1024
147 Process_147 0 100 1024
148 Process_148 0 100 1024
149 Process_149 5 100 1024
150 Process_150 45 100 1024
151 Process_151 0 100 1024
152 Process_152 0 100 1024
153 Process_153 35 100 1024
154 Process_154 0 100 1024
155 Process_155 55 100 1024
156 Process_156 0 100 1024
157 Process_157 0 100 1024
158 Process_158 0 100 1024
159 Process_159 0 100 1024
160 Process_160 0 100 1024
161 Process_161 0 100 1024
162 Process_162 15 100 1024
163 Process_163 5 100 1024
164 Process_164 70 100 1024
165 Process_165 55 100 1024
166 Process_166 10 100 1024
167 Process_167 10 100 1024
168 Process_168 75 100 1024
169 Process_169 60 100 1024
170 Process_170 15 100 1024
171 Process_171 15 100 1024
172 Process_172 80 100 1024
173 Process_173 65 100 1024
174 Process_174 15 100 1024
175 Process_175 20 100 1024
176 Process_176 20 100 1024
177 Process_177 20 100 1024
178 Process_178 25 100 1024
179 Process_179 25 100 1024
180 Process_180 25 100 1024
181 Process_181 90 100 1024
182 Process_182 75 100 1024
183 Process_183 30 100 1024
184 Process_184 30 100 1024
185 Process_185 30 100 1024
186 Process_186 30 100 1024
187 Process_187 80 100 1024
188 Process_188 35 100 1024
189 Process_189 35 100 1024
190 Process_190 100 100 1024
191 Process_191 35 100 1024
192 Process_192 85 100 1024
193 Process_193 40 100 1024
194 Process_194 40 100 1024
195 Process_195 40 100 1024
196 Process_196 40 100 1024
197 Process_197 40 100 1024
198 Process_198 40 100 1024
199 Process_199 40 100 1024
200 Process_200 40 100 1024
201 Process_201 40 100 1024
202 Process_202 40 100 1024
203 Process_203 40 100 1024
204 Process_204 40 100 1024
205 Process_205 40 100 1024
206 Process_206 40 100 1024
207 Process_207 40 100 1024
208 Process_208 40 100 1024
209 Process_209 40 100 1024
210 Process_210 40 100 1024
211 Process_211 40 100 1024
212 Process_212 40 100 1024
213 Process_213 40 100 1024
214 Process_214 40 100 1024
215 Process_215 90 100 1024
100 Process_100 0 100 1024
216 Process_216 70 100 1024
101 Process_101 0 100 1024
217 Process_217 45 100 1024
102 Process_102 0 100 1024
218 Process_218 50 100 1024
103 Process_103 5 100 1024
219 Process_219 45 100 1024
104 Process_104 0 100 1024
220 Process_220 45 100 1024
105 Process_105 0 100 1024
221 Process_221 45 100 1024
106 Process_106 0 100 1024
222 Process_222 80 100 1024
107 Process_107 0 100 1024
223 Process_223 95 100 1024
108 Process_108 0 100 1024
224 Process_224 50 100 1024
109 Process_109 0 100 1024
225 Process_225 50 100 1024
110 Process_110 0 100 1024
226 Process_226 50 100 1024
111 Process_111 0 100 1024
227 Process_227 50 100 1024
112 Process_112 25 100 1024
228 Process_228 50 100 1024
113 Process_113 0 100 1024
229 Process_229 50 100 1024
114 Process_114 45 100 1024
230 Process_230 70 100 1024
115 Process_115 0 100 1024
231 Process_231 100 100 1024
116 Process_116 0 100 1024
232 Process_232 90 100 1024
117 Process_117 0 100 1024
233 Process_233 55 100 1024
118 Process_118 0 100 1024
234 Process_234 60 100 1024
119 Process_119 0 100 1024
235 Process_235 55 100 1024
236 Process_236 55 100 1024
237 Process_237 55 100 1024
238 Process_238 55 100 1024
239 Process_239 60 100 1024
240 Process_240 55 100 1024
241 Process_241 55 100 1024
242 Process_242 55 100 1024
243 Process_243 55 100 1024
244 Process_244 55 100 1024
245 Process_245 55 100 1024
246 Process_246 55 100 1024
247 Process_247 55 100 1024
248 Process_248 55 100 1024
249 Process_249 55 100 1024
250 Process_250 55 100 1024
251 Process_251 55 100 1024
252 Process_252 55 100 1024
253 Process_253 55 100 1024
254 Process_254 60 100 1024
255 Process_255 60 100 1024
256 Process_256 60 100 1024
257 Process_257 60 100 1024
258 Process_258 95 100 1024
259 Process_259 65 100 1024
260 Process_260 60 100 1024
261 Process_261 60 100 1024
262 Process_262 60 100 1024
263 Process_263 60 100 1024
264 Process_264 60 100 1024
265 Process_265 60 100 1024
266 Process_266 60 100 1024
267 Process_267 60 100 1024
268 Process_268 60 100 1024
269 Process_269 95 100 1024
270 Process_270 65 100 1024
271 Process_271 65 100 1024
272 Process_272 65 100 1024
273 Process_273 65 100 1024
274 Process_274 65 100 1024
275 Process_275 95 100 1024
276 Process_276 65 100 1024
277 Process_277 65 100 1024
278 Process_278 65 100 1024
279 Process_279 65 100 1024
280 Process_280 65 100 1024
281 Process_281 100 100 1024
282 Process_282 70 100 1024
283 Process_283 70 100 1024
284 Process_284 70 100 1024
285 Process_285 70 100 1024
286 Process_286 70 100 1024
287 Process_287 70 100 1024
288 Process_288 70 100 1024
289 Process_289 70 100 1024
290 Process_290 75 100 1024
291 Process_291 70 100 1024
292 Process_292 75 100 1024
293 Process_293 70 100 1024
294 Process_294 75 100 1024
295 Process_295 75 100 1024
296 Process_296 75 100 1024
297 Process_297 75 100 1024
298 Process_298 80 100 1024
299 Process_299 80 100 1024
300 Process_300 75 100 1024
301 Process_301 75 100 1024
302 Process_302 75 100 1024
303 Process_303 75 100 1024
304 Process_304 75 100 1024
305 Process_305 75 100 1024
306 Process_306 80 100 1024
307 Process_307 100 100 1024
308 Process_308 85 100 1024
309 Process_309 80 100 1024
310 Process_310 80 100 1024
311 Process_311 80 100 1024
312 Process_312 80 100 1024
313 Process_313 80 100 1024
314 Process_314 80 100 1024
315 Process_315 80 100 1024
316 Process_316 80 100 1024
317 Process_317 80 100 1024
318 Process_318 80 100 1024
319 Process_319 90 100 1024
320 Process_320 85 100 1024
321 Process_321 85 100 1024
322 Process_322 85 100 1024
323 Process_323 85 100 1024
324 Process_324 85 100 1024
325 Process_325 85 100 1024
326 Process_326 85 100 1024
327 Process_327 85 100 1024
328 Process_328 85 100 1024
329 Process_329 85 100 1024
330 Process_330 85 100 1024
331 Process_331 85 100 1024
332 Process_332 90 100 1024
333 Process_333 90 100 1024
334 Process_334 90 100 1024
335 Process_335 90 100 1024
336 Process_336 90 100 1024
337 Process_337 90 100 1024
338 Process_338 90 100 1024
339 Process_339 90 100 1024
340 Process_340 90 100 1024
341 Process_341 90 100 1024
342 Process_342 90 100 1024
343 Process_343 90 100 1024
344 Process_344 90 100 1024
345 Process_345 90 100 1024
346 Process_346 90 100 1024
347 Process_347 95 100 1024
348 Process_348 95 100 1024
349 Process_349 95 100 1024
350 Process_350 95 100 1024
351 Process_351 95 100 1024
352 Process_352 95 100 1024
353 Process_353 95 100 1024
354 Process_354 95 100 1024
355 Process_355 95 100 1024
356 Process_356 95 100 1024
357 Process_357 95 100 1024
358 Process_358 95 100 1024
359 Process_359 95 100 1024
360 Process_360 95 100 1024
361 Process_361 100 100 1024
362 Process_362 100 100 1024
363 Process_363 100 100 1024
364 Process_364 100 100 1024
365 Process_365 100 100 1024
366 Process_366 100 100 1024
367 Process_367 100 100 1024
368 Process_368 100 100 1024
369 Process_369 100 100 1024
370 Process_370 100 100 1024
371 Process_371 100 100 1024
372 Process_372 100 100 1024
373 Process_373 100 100 1024
374 Process_374 100 100 1024
375 Process_375 100 100 1024
376 Process_376 80 100 1024
377 Process_377 80 100 1024
378 Process_378 80 100 1024
379 Process_379 80 100 1024
380 Process_380 80 100 1024
381 Process_381 95 100 1024
382 Process_382 80 100 1024
383 Process_383 85 100 1024
384 Process_384 85 100 1024
385 Process_385 85 100 1024
386 Process_386 85 100 1024
387 Process_387 85 100 1024
388 Process_388 85 100 1024
389 Process_389 85 100 1024
390 Process_390 85 100 1024
391 Process_391 85 100 1024
392 Process_392 85 100 1024
393 Process_393 85 100 1024
