0 Process_0 0 100 16384
1 Process_1 0 100 16384
3 Process_3 5 100 2048
2 Process_2 0 100 8192
4 Process_4 0 100 2048
5 Process_5 5 100 16384
6 Process_6 0 100 8192
9 Process_9 85 100 1024
8 Process_8 5 100 2048
17 Process_17 15 100 1024
16 Process_16 0 100 16384
13 Process_13 5 100 4096
20 Process_20 5 100 4096
22 Process_22 0 100 8192
10 Process_10 0 100 2048
26 Process_26 0 100 16384
11 Process_11 60 100 1024
14 Process_14 0 100 16384
15 Process_15 5 100 1024
18 Process_18 0 100 16384
24 Process_24 0 100 16384
25 Process_25 40 100 1024
19 Process_19 0 100 4096
29 Process_29 0 100 16384
30 Process_30 80 100 1024
27 Process_27 70 100 1024
34 Process_34 0 100 16384
31 Process_31 5 100 4096
23 Process_23 0 100 4096
36 Process_36 0 100 4096
37 Process_37 0 100 4096
40 Process_40 0 100 4096
42 Process_42 0 100 4096
43 Process_43 0 100 16384
44 Process_44 0 100 16384
46 Process_46 45 100 1024
50 Process_50 0 100 16384
53 Process_53 20 100 1024
54 Process_54 0 100 8192
56 Process_56 10 100 1024
60 Process_60 0 100 16384
61 Process_61 0 100 16384
62 Process_62 0 100 4096
63 Process_63 5 100 1024
65 Process_65 0 100 8192
68 Process_68 0 100 1024
69 Process_69 0 100 1024
73 Process_73 15 100 2048
76 Process_76 0 100 2048
79 Process_79 10 100 2048
80 Process_80 0 100 8192
81 Process_81 0 100 2048
82 Process_82 0 100 8192
28 Process_28 0 100 8192
85 Process_85 0 100 4096
87 Process_87 10 100 1024
92 Process_92 0 100 16384
95 Process_95 0 100 2048
98 Process_98 0 100 2048
104 Process_104 0 100 4096
105 Process_105 5 100 1024
110 Process_110 20 100 1024
111 Process_111 0 100 4096
114 Process_114 0 100 4096
117 Process_117 0 100 4096
122 Process_122 0 100 8192
123 Process_123 0 100 4096
125 Process_125 0 100 4096
129 Process_129 35 100 2048
130 Process_130 10 100 2048
131 Process_131 0 100 16384
132 Process_132 10 100 1024
135 Process_135 0 100 4096
138 Process_138 0 100 8192
141 Process_141 10 100 2048
142 Process_142 0 100 4096
150 Process_150 5 100 8192
155 Process_155 25 100 2048
158 Process_158 0 100 8192
161 Process_161 0 100 8192
165 Process_165 0 100 8192
167 Process_167 0 100 8192
168 Process_168 0 100 8192
174 Process_174 0 100 8192
177 Process_177 0 100 8192
7 Process_7 0 100 16384
12 Process_12 15 100 2048
21 Process_21 0 100 8192
33 Process_33 0 100 4096
35 Process_35 0 100 8192
38 Process_38 5 100 2048
41 Process_41 0 100 2048
39 Process_39 0 100 4096
45 Process_45 0 100 16384
48 Process_48 0 100 4096
51 Process_51 0 100 2048
49 Process_49 0 100 8192
52 Process_52 0 100 8192
57 Process_57 10 100 1024
59 Process_59 0 100 1024
55 Process_55 0 100 16384
64 Process_64 20 100 1024
66 Process_66 0 100 2048
67 Process_67 0 100 4096
72 Process_72 0 100 8192
75 Process_75 0 100 4096
70 Process_70 0 100 16384
77 Process_77 0 100 8192
71 Process_71 25 100 1024
83 Process_83 0 100 16384
84 Process_84 20 100 1024
89 Process_89 85 100 1024
90 Process_90 5 100 2048
86 Process_86 5 100 1024
88 Process_88 40 100 1024
94 Process_94 20 100 1024
99 Process_99 0 100 4096
96 Process_96 0 100 8192
100 Process_100 0 100 2048
101 Process_101 5 100 1024
102 Process_102 0 100 1024
106 Process_106 0 100 2048
91 Process_91 0 100 4096
108 Process_108 0 100 2048
113 Process_113 0 100 2048
103 Process_103 25 100 1024
112 Process_112 0 100 16384
116 Process_116 15 100 2048
118 Process_118 0 100 16384
120 Process_120 0 100 4096
124 Process_124 0 100 8192
119 Process_119 15 100 1024
127 Process_127 0 100 16384
121 Process_121 0 100 8192
128 Process_128 0 100 1024
126 Process_126 0 100 8192
139 Process_139 0 100 16384
136 Process_136 0 100 8192
137 Process_137 0 100 8192
133 Process_133 5 100 4096
32 Process_32 0 100 2048
97 Process_97 0 100 8192
58 Process_58 0 100 1024
74 Process_74 0 100 16384
47 Process_47 5 100 1024
78 Process_78 5 100 1024
107 Process_107 0 100 2048
134 Process_134 0 100 2048
109 Process_109 0 100 8192
115 Process_115 0 100 4096
93 Process_93 5 100 2048
140 Process_140 0 100 4096
143 Process_143 0 100 4096
146 Process_146 0 100 4096
145 Process_145 0 100 1024
147 Process_147 30 100 1024
148 Process_148 15 100 1024
149 Process_149 0 100 8192
151 Process_151 0 100 8192
153 Process_153 30 100 2048
154 Process_154 10 100 4096
156 Process_156 0 100 16384
157 Process_157 0 100 16384
152 Process_152 0 100 16384
144 Process_144 0 100 16384
