20 Process_20 0 100 8192
21 Process_21 5 100 8192
23 Process_23 35 100 4096
29 Process_29 0 100 8192
22 Process_22 0 100 8192
31 Process_31 5 100 8192
32 Process_32 15 100 8192
15 Process_15 0 100 16384
33 Process_33 20 100 16384
34 Process_34 15 100 8192
17 Process_17 25 100 4096
36 Process_36 0 100 16384
16 Process_16 0 100 4096
37 Process_37 75 100 4096
38 Process_38 5 100 8192
40 Process_40 30 100 4096
41 Process_41 50 100 4096
42 Process_42 5 100 8192
19 Process_19 0 100 8192
44 Process_44 5 100 8192
45 Process_45 0 100 8192
47 Process_47 100 100 2048
26 Process_26 0 100 2048
48 Process_48 20 100 8192
46 Process_46 15 100 16384
49 Process_49 40 100 16384
53 Process_53 20 100 4096
51 Process_51 15 100 8192
54 Process_54 90 100 2048
50 Process_50 50 100 16384
55 Process_55 15 100 4096
56 Process_56 50 100 16384
58 Process_58 5 100 8192
52 Process_52 5 100 8192
76 Process_76 85 100 8192
80 Process_80 45 100 2048
81 Process_81 45 100 4096
73 Process_73 80 100 16384
74 Process_74 60 100 2048
83 Process_83 70 100 2048
84 Process_84 5 100 2048
86 Process_86 0 100 8192
88 Process_88 95 100 2048
91 Process_91 65 100 1024
94 Process_94 80 100 4096
96 Process_96 90 100 16384
97 Process_97 15 100 16384
98 Process_98 30 100 16384
101 Process_101 5 100 8192
102 Process_102 90 100 4096
89 Process_89 45 100 8192
103 Process_103 0 100 8192
104 Process_104 35 100 4096
105 Process_105 35 100 16384
106 Process_106 45 100 1024
99 Process_99 15 100 4096
109 Process_109 95 100 4096
100 Process_100 5 100 8192
112 Process_112 45 100 16384
113 Process_113 95 100 4096
107 Process_107 15 100 4096
114 Process_114 40 100 16384
111 Process_111 10 100 1024
116 Process_116 70 100 16384
117 Process_117 40 100 4096
110 Process_110 15 100 16384
115 Process_115 0 100 8192
95 Process_95 40 100 8192
120 Process_120 65 100 1024
92 Process_92 20 100 2048
121 Process_121 20 100 4096
122 Process_122 100 100 16384
123 Process_123 70 100 16384
118 Process_118 15 100 8192
124 Process_124 60 100 16384
125 Process_125 45 100 16384
87 Process_87 95 100 2048
127 Process_127 45 100 16384
119 Process_119 65 100 8192
128 Process_128 0 100 4096
129 Process_129 5 100 8192
130 Process_130 60 100 1024
132 Process_132 80 100 1024
134 Process_134 25 100 1024
131 Process_131 65 100 16384
135 Process_135 95 100 1024
137 Process_137 0 100 4096
139 Process_139 50 100 4096
126 Process_126 55 100 1024
136 Process_136 0 100 8192
140 Process_140 25 100 8192
142 Process_142 0 100 8192
144 Process_144 60 100 16384
147 Process_147 5 100 8192
148 Process_148 75 100 16384
138 Process_138 75 100 2048
150 Process_150 0 100 8192
151 Process_151 75 100 16384
153 Process_153 15 100 4096
149 Process_149 100 100 2048
154 Process_154 95 100 4096
146 Process_146 70 100 16384
157 Process_157 75 100 2048
159 Process_159 70 100 4096
160 Process_160 0 100 8192
155 Process_155 65 100 16384
161 Process_161 0 100 8192
162 Process_162 0 100 2048
164 Process_164 55 100 16384
165 Process_165 0 100 8192
167 Process_167 5 100 8192
156 Process_156 50 100 2048
168 Process_168 35 100 16384
170 Process_170 75 100 2048
173 Process_173 70 100 4096
174 Process_174 85 100 16384
133 Process_133 0 100 8192
175 Process_175 15 100 8192
166 Process_166 5 100 2048
178 Process_178 65 100 8192
181 Process_181 55 100 4096
177 Process_177 90 100 16384
172 Process_172 90 100 16384
184 Process_184 30 100 8192
179 Process_179 60 100 2048
185 Process_185 85 100 16384
163 Process_163 10 100 8192
186 Process_186 25 100 1024
182 Process_182 70 100 1024
188 Process_188 70 100 8192
189 Process_189 65 100 8192
190 Process_190 20 100 2048
176 Process_176 90 100 16384
187 Process_187 100 100 16384
194 Process_194 45 100 8192
143 Process_143 0 100 8192
191 Process_191 100 100 2048
152 Process_152 0 100 8192
192 Process_192 85 100 1024
193 Process_193 90 100 8192
6 Process_6 55 100 4096
1 Process_1 0 100 8192
7 Process_7 35 100 8192
5 Process_5 10 100 8192
8 Process_8 0 100 16384
9 Process_9 0 100 16384
10 Process_10 45 100 16384
12 Process_12 15 100 16384
13 Process_13 0 100 4096
14 Process_14 0 100 16384
18 Process_18 75 100 16384
24 Process_24 90 100 4096
25 Process_25 25 100 8192
28 Process_28 55 100 4096
30 Process_30 80 100 4096
11 Process_11 100 100 4096
27 Process_27 10 100 16384
43 Process_43 15 100 2048
59 Process_59 5 100 2048
60 Process_60 35 100 2048
57 Process_57 50 100 4096
61 Process_61 50 100 2048
63 Process_63 15 100 8192
62 Process_62 55 100 16384
65 Process_65 100 100 4096
68 Process_68 10 100 16384
69 Process_69 15 100 8192
70 Process_70 5 100 4096
75 Process_75 65 100 4096
72 Process_72 75 100 8192
78 Process_78 100 100 8192
77 Process_77 10 100 8192
79 Process_79 20 100 4096
90 Process_90 25 100 16384
93 Process_93 100 100 2048
108 Process_108 90 100 4096
66 Process_66 40 100 4096
67 Process_67 100 100 4096
82 Process_82 25 100 4096
141 Process_141 30 100 1024
145 Process_145 70 100 16384
169 Process_169 100 100 16384
195 Process_195 80 100 4096
199 Process_199 35 100 16384
200 Process_200 0 100 16384
204 Process_204 10 100 8192
202 Process_202 30 100 8192
205 Process_205 60 100 16384
209 Process_209 100 100 1024
211 Process_211 5 100 8192
210 Process_210 65 100 4096
218 Process_218 55 100 2048
221 Process_221 100 100 4096
223 Process_223 5 100 8192
224 Process_224 65 100 16384
222 Process_222 65 100 16384
225 Process_225 0 100 8192
226 Process_226 75 100 16384
232 Process_232 0 100 4096
229 Process_229 55 100 16384
234 Process_234 0 100 8192
235 Process_235 10 100 8192
227 Process_227 10 100 4096
233 Process_233 80 100 16384
237 Process_237 0 100 8192
238 Process_238 0 100 8192
239 Process_239 15 100 4096
240 Process_240 15 100 4096
248 Process_248 10 100 8192
245 Process_245 40 100 2048
249 Process_249 5 100 8192
243 Process_243 0 100 8192
252 Process_252 15 100 8192
250 Process_250 30 100 1024
255 Process_255 5 100 8192
254 Process_254 0 100 8192
256 Process_256 5 100 8192
259 Process_259 65 100 16384
251 Process_251 5 100 4096
261 Process_261 55 100 16384
258 Process_258 85 100 16384
264 Process_264 50 100 8192
257 Process_257 5 100 4096
267 Process_267 5 100 8192
268 Process_268 5 100 4096
265 Process_265 70 100 16384
269 Process_269 0 100 8192
263 Process_263 10 100 4096
271 Process_271 30 100 4096
274 Process_274 100 100 4096
272 Process_272 65 100 16384
270 Process_270 55 100 1024
273 Process_273 45 100 4096
276 Process_276 60 100 16384
277 Process_277 15 100 8192
280 Process_280 75 100 4096
284 Process_284 80 100 16384
279 Process_279 55 100 4096
283 Process_283 20 100 2048
278 Process_278 10 100 8192
286 Process_286 20 100 4096
289 Process_289 75 100 16384
282 Process_282 45 100 8192
287 Process_287 30 100 2048
291 Process_291 0 100 4096
293 Process_293 75 100 16384
294 Process_294 20 100 4096
295 Process_295 65 100 2048
292 Process_292 90 100 16384
301 Process_301 70 100 4096
296 Process_296 10 100 4096
299 Process_299 55 100 8192
310 Process_310 35 100 4096
309 Process_309 85 100 16384
307 Process_307 5 100 4096
306 Process_306 40 100 8192
314 Process_314 80 100 16384
312 Process_312 40 100 8192
313 Process_313 85 100 16384
315 Process_315 20 100 8192
319 Process_319 80 100 1024
320 Process_320 90 100 16384
324 Process_324 30 100 8192
326 Process_326 10 100 4096
322 Process_322 20 100 8192
321 Process_321 45 100 8192
323 Process_323 0 100 8192
332 Process_332 100 100 16384
334 Process_334 95 100 16384
327 Process_327 30 100 4096
331 Process_331 25 100 2048
330 Process_330 95 100 16384
338 Process_338 90 100 16384
335 Process_335 95 100 16384
337 Process_337 15 100 8192
340 Process_340 55 100 4096
344 Process_344 100 100 16384
342 Process_342 95 100 16384
348 Process_348 65 100 8192
349 Process_349 95 100 16384
352 Process_352 100 100 16384
353 Process_353 100 100 16384
64 Process_64 45 100 4096
71 Process_71 35 100 8192
85 Process_85 45 100 8192
158 Process_158 10 100 1024
183 Process_183 95 100 8192
180 Process_180 5 100 8192
35 Process_35 0 100 8192
