54 Process_54 25 100 1024
22 Process_22 0 100 1024
56 Process_56 20 100 1024
57 Process_57 20 100 1024
55 Process_55 20 100 1024
59 Process_59 20 100 1024
24 Process_24 0 100 1024
60 Process_60 20 100 1024
61 Process_61 25 100 1024
62 Process_62 25 100 1024
63 Process_63 65 100 1024
64 Process_64 25 100 1024
65 Process_65 25 100 1024
66 Process_66 25 100 1024
67 Process_67 25 100 1024
68 Process_68 25 100 1024
69 Process_69 25 100 1024
70 Process_70 25 100 1024
29 Process_29 0 100 1024
71 Process_71 25 100 1024
72 Process_72 25 100 1024
73 Process_73 30 100 1024
74 Process_74 70 100 1024
75 Process_75 70 100 1024
58 Process_58 20 100 1024
76 Process_76 30 100 1024
77 Process_77 30 100 1024
78 Process_78 30 100 1024
79 Process_79 30 100 1024
80 Process_80 30 100 1024
82 Process_82 30 100 1024
83 Process_83 30 100 1024
35 Process_35 5 100 1024
84 Process_84 30 100 1024
85 Process_85 30 100 1024
86 Process_86 35 100 1024
87 Process_87 35 100 1024
89 Process_89 35 100 1024
91 Process_91 35 100 1024
92 Process_92 35 100 1024
93 Process_93 35 100 1024
94 Process_94 35 100 1024
95 Process_95 35 100 1024
96 Process_96 35 100 1024
97 Process_97 35 100 1024
98 Process_98 35 100 1024
99 Process_99 35 100 1024
100 Process_100 35 100 1024
101 Process_101 35 100 1024
102 Process_102 35 100 1024
103 Process_103 35 100 1024
104 Process_104 40 100 1024
105 Process_105 40 100 1024
106 Process_106 40 100 1024
107 Process_107 40 100 1024
108 Process_108 40 100 1024
109 Process_109 40 100 1024
110 Process_110 40 100 1024
111 Process_111 40 100 1024
112 Process_112 40 100 1024
113 Process_113 40 100 1024
114 Process_114 40 100 1024
115 Process_115 40 100 1024
116 Process_116 40 100 1024
117 Process_117 40 100 1024
118 Process_118 40 100 1024
119 Process_119 40 100 1024
120 Process_120 55 100 1024
121 Process_121 40 100 1024
122 Process_122 40 100 1024
123 Process_123 40 100 1024
124 Process_124 40 100 1024
125 Process_125 40 100 1024
126 Process_126 40 100 1024
127 Process_127 45 100 1024
128 Process_128 45 100 1024
129 Process_129 45 100 1024
130 Process_130 45 100 1024
131 Process_131 45 100 1024
133 Process_133 45 100 1024
135 Process_135 45 100 1024
136 Process_136 45 100 1024
137 Process_137 45 100 1024
138 Process_138 45 100 1024
139 Process_139 45 100 1024
140 Process_140 45 100 1024
141 Process_141 45 100 1024
142 Process_142 45 100 1024
144 Process_144 45 100 1024
145 Process_145 45 100 1024
146 Process_146 45 100 1024
147 Process_147 45 100 1024
148 Process_148 45 100 1024
149 Process_149 45 100 1024
150 Process_150 45 100 1024
151 Process_151 45 100 1024
152 Process_152 45 100 1024
153 Process_153 45 100 1024
154 Process_154 45 100 1024
155 Process_155 50 100 1024
156 Process_156 50 100 1024
157 Process_157 50 100 1024
158 Process_158 50 100 1024
159 Process_159 50 100 1024
160 Process_160 50 100 1024
162 Process_162 50 100 1024
163 Process_163 50 100 1024
164 Process_164 50 100 1024
165 Process_165 50 100 1024
166 Process_166 50 100 1024
167 Process_167 50 100 1024
161 Process_161 50 100 1024
168 Process_168 50 100 1024
169 Process_169 50 100 1024
170 Process_170 50 100 1024
171 Process_171 50 100 1024
172 Process_172 50 100 1024
173 Process_173 50 100 1024
174 Process_174 50 100 1024
175 Process_175 50 100 1024
176 Process_176 50 100 1024
177 Process_177 50 100 1024
178 Process_178 50 100 1024
179 Process_179 50 100 1024
180 Process_180 50 100 1024
181 Process_181 50 100 1024
182 Process_182 50 100 1024
183 Process_183 50 100 1024
184 Process_184 50 100 1024
185 Process_185 50 100 1024
186 Process_186 50 100 1024
187 Process_187 55 100 1024
188 Process_188 55 100 1024
189 Process_189 55 100 1024
190 Process_190 55 100 1024
191 Process_191 55 100 1024
192 Process_192 55 100 1024
193 Process_193 55 100 1024
194 Process_194 55 100 1024
195 Process_195 55 100 1024
196 Process_196 55 100 1024
197 Process_197 55 100 1024
198 Process_198 55 100 1024
199 Process_199 55 100 1024
200 Process_200 55 100 1024
202 Process_202 55 100 1024
203 Process_203 55 100 1024
204 Process_204 55 100 1024
205 Process_205 55 100 1024
206 Process_206 55 100 1024
207 Process_207 55 100 1024
208 Process_208 55 100 1024
209 Process_209 55 100 1024
210 Process_210 55 100 1024
211 Process_211 55 100 1024
212 Process_212 55 100 1024
213 Process_213 55 100 1024
214 Process_214 55 100 1024
215 Process_215 55 100 1024
216 Process_216 55 100 1024
217 Process_217 55 100 1024
218 Process_218 55 100 1024
219 Process_219 55 100 1024
220 Process_220 55 100 1024
221 Process_221 55 100 1024
222 Process_222 55 100 1024
223 Process_223 55 100 1024
224 Process_224 55 100 1024
225 Process_225 55 100 1024
226 Process_226 55 100 1024
227 Process_227 55 100 1024
228 Process_228 60 100 1024
229 Process_229 60 100 1024
32 Process_32 5 100 1024
1 Process_1 0 100 1024
2 Process_2 0 100 1024
6 Process_6 0 100 1024
33 Process_33 5 100 1024
12 Process_12 0 100 1024
34 Process_34 5 100 1024
8 Process_8 0 100 1024
3 Process_3 0 100 1024
13 Process_13 0 100 1024
4 Process_4 0 100 1024
9 Process_9 0 100 1024
36 Process_36 5 100 1024
15 Process_15 0 100 1024
5 Process_5 0 100 1024
0 Process_0 15 100 1024
11 Process_11 0 100 1024
10 Process_10 0 100 1024
37 Process_37 50 100 1024
16 Process_16 0 100 1024
38 Process_38 10 100 1024
21 Process_21 0 100 1024
7 Process_7 0 100 1024
17 Process_17 0 100 1024
39 Process_39 10 100 1024
23 Process_23 0 100 1024
40 Process_40 10 100 1024
14 Process_14 0 100 1024
41 Process_41 10 100 1024
18 Process_18 0 100 1024
19 Process_19 0 100 1024
42 Process_42 10 100 1024
20 Process_20 0 100 1024
43 Process_43 15 100 1024
44 Process_44 15 100 1024
45 Process_45 15 100 1024
46 Process_46 15 100 1024
47 Process_47 15 100 1024
48 Process_48 15 100 1024
49 Process_49 15 100 1024
50 Process_50 15 100 1024
51 Process_51 15 100 1024
25 Process_25 0 100 1024
52 Process_52 20 100 1024
26 Process_26 0 100 1024
53 Process_53 20 100 1024
27 Process_27 0 100 1024
28 Process_28 0 100 1024
30 Process_30 0 100 1024
81 Process_81 30 100 1024
88 Process_88 35 100 1024
90 Process_90 35 100 1024
31 Process_31 5 100 1024
132 Process_132 45 100 1024
134 Process_134 50 100 1024
143 Process_143 45 100 1024
201 Process_201 55 100 1024
230 Process_230 60 100 1024
231 Process_231 60 100 1024
232 Process_232 60 100 1024
233 Process_233 80 100 1024
234 Process_234 60 100 1024
235 Process_235 60 100 1024
236 Process_236 60 100 1024
237 Process_237 60 100 1024
238 Process_238 60 100 1024
239 Process_239 60 100 1024
240 Process_240 60 100 1024
241 Process_241 60 100 1024
242 Process_242 60 100 1024
243 Process_243 60 100 1024
244 Process_244 60 100 1024
245 Process_245 60 100 1024
246 Process_246 60 100 1024
247 Process_247 60 100 1024
248 Process_248 60 100 1024
249 Process_249 60 100 1024
250 Process_250 60 100 1024
251 Process_251 60 100 1024
252 Process_252 60 100 1024
253 Process_253 60 100 1024
254 Process_254 60 100 1024
255 Process_255 60 100 1024
256 Process_256 60 100 1024
257 Process_257 60 100 1024
258 Process_258 60 100 1024
259 Process_259 60 100 1024
260 Process_260 60 100 1024
261 Process_261 60 100 1024
262 Process_262 60 100 1024
263 Process_263 60 100 1024
264 Process_264 60 100 1024
265 Process_265 60 100 1024
266 Process_266 60 100 1024
267 Process_267 60 100 1024
268 Process_268 60 100 1024
269 Process_269 60 100 1024
270 Process_270 60 100 1024
271 Process_271 60 100 1024
272 Process_272 60 100 1024
273 Process_273 65 100 1024
274 Process_274 60 100 1024
275 Process_275 60 100 1024
276 Process_276 60 100 1024
277 Process_277 60 100 1024
278 Process_278 60 100 1024
279 Process_279 65 100 1024
280 Process_280 65 100 1024
281 Process_281 65 100 1024
282 Process_282 65 100 1024
283 Process_283 65 100 1024
284 Process_284 65 100 1024
285 Process_285 65 100 1024
286 Process_286 65 100 1024
288 Process_288 65 100 1024
287 Process_287 65 100 1024
289 Process_289 65 100 1024
290 Process_290 65 100 1024
291 Process_291 65 100 1024
292 Process_292 65 100 1024
293 Process_293 65 100 1024
294 Process_294 65 100 1024
295 Process_295 65 100 1024
296 Process_296 65 100 1024
297 Process_297 65 100 1024
298 Process_298 65 100 1024
299 Process_299 65 100 1024
300 Process_300 65 100 1024
301 Process_301 65 100 1024
302 Process_302 65 100 1024
303 Process_303 65 100 1024
304 Process_304 65 100 1024
305 Process_305 65 100 1024
306 Process_306 65 100 1024
307 Process_307 65 100 1024
308 Process_308 65 100 1024
309 Process_309 65 100 1024
310 Process_310 65 100 1024
311 Process_311 65 100 1024
312 Process_312 65 100 1024
313 Process_313 65 100 1024
314 Process_314 65 100 1024
315 Process_315 65 100 1024
316 Process_316 65 100 1024
317 Process_317 65 100 1024
318 Process_318 65 100 1024
319 Process_319 65 100 1024
320 Process_320 65 100 1024
321 Process_321 65 100 1024
322 Process_322 65 100 1024
323 Process_323 65 100 1024
324 Process_324 65 100 1024
325 Process_325 65 100 1024
326 Process_326 85 100 1024
327 Process_327 65 100 1024
328 Process_328 65 100 1024
329 Process_329 65 100 1024
330 Process_330 65 100 1024
331 Process_331 65 100 1024
332 Process_332 65 100 1024
333 Process_333 65 100 1024
334 Process_334 65 100 1024
335 Process_335 65 100 1024
336 Process_336 65 100 1024
337 Process_337 65 100 1024
338 Process_338 65 100 1024
339 Process_339 70 100 1024
340 Process_340 70 100 1024
341 Process_341 70 100 1024
342 Process_342 70 100 1024
343 Process_343 70 100 1024
344 Process_344 70 100 1024
345 Process_345 70 100 1024
346 Process_346 70 100 1024
347 Process_347 70 100 1024
348 Process_348 70 100 1024
349 Process_349 70 100 1024
350 Process_350 70 100 1024
351 Process_351 75 100 1024
352 Process_352 70 100 1024
353 Process_353 70 100 1024
354 Process_354 70 100 1024
355 Process_355 70 100 1024
356 Process_356 70 100 1024
357 Process_357 70 100 1024
358 Process_358 70 100 1024
359 Process_359 70 100 1024
360 Process_360 70 100 1024
361 Process_361 70 100 1024
362 Process_362 70 100 1024
363 Process_363 70 100 1024
364 Process_364 70 100 1024
365 Process_365 70 100 1024
366 Process_366 70 100 1024
367 Process_367 70 100 1024
368 Process_368 70 100 1024
369 Process_369 70 100 1024
370 Process_370 70 100 1024
371 Process_371 70 100 1024
372 Process_372 70 100 1024
373 Process_373 70 100 1024
374 Process_374 70 100 1024
375 Process_375 70 100 1024
376 Process_376 70 100 1024
377 Process_377 70 100 1024
378 Process_378 70 100 1024
379 Process_379 70 100 1024
380 Process_380 70 100 1024
381 Process_381 70 100 1024
382 Process_382 70 100 1024
383 Process_383 70 100 1024
384 Process_384 75 100 1024
385 Process_385 70 100 1024
386 Process_386 70 100 1024
387 Process_387 70 100 1024
388 Process_388 70 100 1024
389 Process_389 70 100 1024
390 Process_390 70 100 1024
391 Process_391 70 100 1024
392 Process_392 70 100 1024
393 Process_393 70 100 1024
394 Process_394 70 100 1024
395 Process_395 70 100 1024
396 Process_396 70 100 1024
397 Process_397 70 100 1024
398 Process_398 70 100 1024
399 Process_399 70 100 1024
400 Process_400 70 100 1024
401 Process_401 70 100 1024
402 Process_402 70 100 1024
403 Process_403 70 100 1024
404 Process_404 70 100 1024
405 Process_405 70 100 1024
406 Process_406 70 100 1024
407 Process_407 70 100 1024
408 Process_408 70 100 1024
409 Process_409 70 100 1024
410 Process_410 70 100 1024
411 Process_411 70 100 1024
412 Process_412 70 100 1024
413 Process_413 70 100 1024
414 Process_414 70 100 1024
415 Process_415 70 100 1024
416 Process_416 70 100 1024
417 Process_417 75 100 1024
418 Process_418 75 100 1024
419 Process_419 75 100 1024
420 Process_420 75 100 1024
421 Process_421 75 100 1024
422 Process_422 75 100 1024
423 Process_423 75 100 1024
424 Process_424 75 100 1024
425 Process_425 75 100 1024
426 Process_426 75 100 1024
427 Process_427 75 100 1024
428 Process_428 75 100 1024
429 Process_429 75 100 1024
430 Process_430 75 100 1024
431 Process_431 75 100 1024
432 Process_432 75 100 1024
433 Process_433 75 100 1024
434 Process_434 75 100 1024
435 Process_435 75 100 1024
436 Process_436 75 100 1024
437 Process_437 75 100 1024
438 Process_438 75 100 1024
439 Process_439 75 100 1024
440 Process_440 75 100 1024
441 Process_441 75 100 1024
442 Process_442 75 100 1024
443 Process_443 75 100 1024
444 Process_444 75 100 1024
445 Process_445 75 100 1024
446 Process_446 75 100 1024
447 Process_447 75 100 1024
448 Process_448 75 100 1024
449 Process_449 75 100 1024
450 Process_450 75 100 1024
451 Process_451 75 100 1024
452 Process_452 75 100 1024
453 Process_453 75 100 1024
454 Process_454 75 100 1024
455 Process_455 75 100 1024
456 Process_456 75 100 1024
457 Process_457 75 100 1024
458 Process_458 75 100 1024
459 Process_459 75 100 1024
460 Process_460 75 100 1024
461 Process_461 75 100 1024
462 Process_462 75 100 1024
463 Process_463 75 100 1024
464 Process_464 75 100 1024
465 Process_465 75 100 1024
466 Process_466 75 100 1024
467 Process_467 75 100 1024
468 Process_468 75 100 1024
469 Process_469 75 100 1024
470 Process_470 75 100 1024
471 Process_471 75 100 1024
472 Process_472 75 100 1024
473 Process_473 75 100 1024
474 Process_474 75 100 1024
475 Process_475 75 100 1024
476 Process_476 75 100 1024
477 Process_477 75 100 1024
478 Process_478 75 100 1024
479 Process_479 75 100 1024
480 Process_480 75 100 1024
481 Process_481 75 100 1024
482 Process_482 75 100 1024
483 Process_483 75 100 1024
484 Process_484 75 100 1024
485 Process_485 75 100 1024
486 Process_486 75 100 1024
487 Process_487 75 100 1024
488 Process_488 75 100 1024
489 Process_489 75 100 1024
490 Process_490 75 100 1024
491 Process_491 75 100 1024
492 Process_492 75 100 1024
493 Process_493 75 100 1024
494 Process_494 75 100 1024
495 Process_495 75 100 1024
496 Process_496 75 100 1024
497 Process_497 75 100 1024
498 Process_498 75 100 1024
499 Process_499 75 100 1024
500 Process_500 75 100 1024
501 Process_501 75 100 1024
502 Process_502 75 100 1024
503 Process_503 75 100 1024
504 Process_504 75 100 1024
505 Process_505 75 100 1024
506 Process_506 75 100 1024
507 Process_507 75 100 1024
508 Process_508 75 100 1024
509 Process_509 75 100 1024
510 Process_510 80 100 1024
511 Process_511 80 100 1024
512 Process_512 80 100 1024
513 Process_513 80 100 1024
514 Process_514 80 100 1024
515 Process_515 80 100 1024
516 Process_516 80 100 1024
517 Process_517 80 100 1024
518 Process_518 80 100 1024
519 Process_519 80 100 1024
520 Process_520 80 100 1024
521 Process_521 80 100 1024
522 Process_522 80 100 1024
523 Process_523 80 100 1024
524 Process_524 80 100 1024
525 Process_525 80 100 1024
526 Process_526 80 100 1024
527 Process_527 80 100 1024
528 Process_528 80 100 1024
529 Process_529 80 100 1024
530 Process_530 80 100 1024
531 Process_531 80 100 1024
532 Process_532 80 100 1024
533 Process_533 80 100 1024
534 Process_534 80 100 1024
535 Process_535 80 100 1024
536 Process_536 80 100 1024
537 Process_537 80 100 1024
538 Process_538 80 100 1024
539 Process_539 80 100 1024
540 Process_540 80 100 1024
541 Process_541 80 100 1024
542 Process_542 80 100 1024
543 Process_543 80 100 1024
544 Process_544 80 100 1024
545 Process_545 80 100 1024
546 Process_546 80 100 1024
547 Process_547 80 100 1024
548 Process_548 80 100 1024
549 Process_549 80 100 1024
550 Process_550 80 100 1024
551 Process_551 80 100 1024
552 Process_552 80 100 1024
553 Process_553 80 100 1024
554 Process_554 80 100 1024
555 Process_555 80 100 1024
556 Process_556 80 100 1024
557 Process_557 80 100 1024
558 Process_558 80 100 1024
559 Process_559 80 100 1024
560 Process_560 80 100 1024
561 Process_561 80 100 1024
562 Process_562 80 100 1024
563 Process_563 80 100 1024
564 Process_564 80 100 1024
565 Process_565 80 100 1024
566 Process_566 80 100 1024
567 Process_567 80 100 1024
568 Process_568 80 100 1024
569 Process_569 80 100 1024
570 Process_570 80 100 1024
571 Process_571 80 100 1024
572 Process_572 80 100 1024
573 Process_573 80 100 1024
574 Process_574 80 100 1024
575 Process_575 80 100 1024
576 Process_576 80 100 1024
577 Process_577 80 100 1024
578 Process_578 80 100 1024
579 Process_579 80 100 1024
580 Process_580 80 100 1024
581 Process_581 80 100 1024
582 Process_582 80 100 1024
583 Process_583 80 100 1024
584 Process_584 80 100 1024
585 Process_585 80 100 1024
586 Process_586 80 100 1024
587 Process_587 80 100 1024
588 Process_588 80 100 1024
589 Process_589 80 100 1024
590 Process_590 80 100 1024
591 Process_591 80 100 1024
592 Process_592 80 100 1024
593 Process_593 80 100 1024
594 Process_594 80 100 1024
595 Process_595 80 100 1024
596 Process_596 80 100 1024
597 Process_597 80 100 1024
598 Process_598 80 100 1024
599 Process_599 80 100 1024
600 Process_600 80 100 1024
601 Process_601 80 100 1024
602 Process_602 80 100 1024
603 Process_603 80 100 1024
604 Process_604 80 100 1024
605 Process_605 80 100 1024
606 Process_606 80 100 1024
607 Process_607 80 100 1024
608 Process_608 80 100 1024
609 Process_609 85 100 1024
610 Process_610 85 100 1024
611 Process_611 85 100 1024
612 Process_612 85 100 1024
613 Process_613 85 100 1024
614 Process_614 85 100 1024
615 Process_615 90 100 1024
616 Process_616 85 100 1024
617 Process_617 85 100 1024
618 Process_618 85 100 1024
619 Process_619 85 100 1024
620 Process_620 85 100 1024
621 Process_621 85 100 1024
622 Process_622 85 100 1024
623 Process_623 85 100 1024
624 Process_624 85 100 1024
625 Process_625 85 100 1024
626 Process_626 85 100 1024
627 Process_627 85 100 1024
628 Process_628 85 100 1024
629 Process_629 85 100 1024
630 Process_630 85 100 1024
631 Process_631 85 100 1024
632 Process_632 85 100 1024
633 Process_633 85 100 1024
634 Process_634 85 100 1024
635 Process_635 85 100 1024
636 Process_636 85 100 1024
637 Process_637 85 100 1024
638 Process_638 85 100 1024
639 Process_639 85 100 1024
640 Process_640 85 100 1024
641 Process_641 85 100 1024
642 Process_642 85 100 1024
643 Process_643 85 100 1024
644 Process_644 85 100 1024
645 Process_645 85 100 1024
646 Process_646 85 100 1024
647 Process_647 85 100 1024
648 Process_648 85 100 1024
649 Process_649 85 100 1024
650 Process_650 85 100 1024
651 Process_651 85 100 1024
652 Process_652 85 100 1024
653 Process_653 85 100 1024
654 Process_654 85 100 1024
655 Process_655 85 100 1024
656 Process_656 85 100 1024
657 Process_657 85 100 1024
658 Process_658 85 100 1024
659 Process_659 85 100 1024
660 Process_660 85 100 1024
661 Process_661 85 100 1024
662 Process_662 85 100 1024
663 Process_663 85 100 1024
664 Process_664 85 100 1024
665 Process_665 85 100 1024
666 Process_666 85 100 1024
667 Process_667 85 100 1024
668 Process_668 85 100 1024
669 Process_669 85 100 1024
670 Process_670 85 100 1024
671 Process_671 85 100 1024
672 Process_672 85 100 1024
673 Process_673 85 100 1024
674 Process_674 85 100 1024
675 Process_675 85 100 1024
676 Process_676 85 100 1024
677 Process_677 85 100 1024
678 Process_678 85 100 1024
679 Process_679 85 100 1024
680 Process_680 85 100 1024
681 Process_681 85 100 1024
682 Process_682 85 100 1024
683 Process_683 85 100 1024
684 Process_684 85 100 1024
685 Process_685 85 100 1024
686 Process_686 85 100 1024
687 Process_687 85 100 1024
688 Process_688 85 100 1024
689 Process_689 85 100 1024
690 Process_690 85 100 1024
691 Process_691 85 100 1024
692 Process_692 85 100 1024
693 Process_693 85 100 1024
694 Process_694 85 100 1024
695 Process_695 85 100 1024
696 Process_696 85 100 1024
697 Process_697 85 100 1024
698 Process_698 85 100 1024
699 Process_699 85 100 1024
700 Process_700 85 100 1024
701 Process_701 85 100 1024
702 Process_702 85 100 1024
703 Process_703 85 100 1024
704 Process_704 85 100 1024
705 Process_705 85 100 1024
706 Process_706 85 100 1024
707 Process_707 85 100 1024
708 Process_708 85 100 1024
709 Process_709 85 100 1024
710 Process_710 85 100 1024
711 Process_711 85 100 1024
712 Process_712 85 100 1024
713 Process_713 85 100 1024
714 Process_714 85 100 1024
715 Process_715 85 100 1024
716 Process_716 85 100 1024
717 Process_717 85 100 1024
718 Process_718 85 100 1024
719 Process_719 85 100 1024
720 Process_720 85 100 1024
721 Process_721 85 100 1024
722 Process_722 85 100 1024
723 Process_723 85 100 1024
724 Process_724 85 100 1024
725 Process_725 85 100 1024
726 Process_726 85 100 1024
727 Process_727 85 100 1024
728 Process_728 85 100 1024
729 Process_729 85 100 1024
730 Process_730 90 100 1024
731 Process_731 90 100 1024
732 Process_732 90 100 1024
733 Process_733 90 100 1024
734 Process_734 90 100 1024
735 Process_735 90 100 1024
736 Process_736 90 100 1024
737 Process_737 90 100 1024
738 Process_738 90 100 1024
739 Process_739 90 100 1024
740 Process_740 90 100 1024
741 Process_741 90 100 1024
742 Process_742 90 100 1024
743 Process_743 90 100 1024
744 Process_744 90 100 1024
745 Process_745 90 100 1024
746 Process_746 90 100 1024
747 Process_747 90 100 1024
748 Process_748 90 100 1024
749 Process_749 90 100 1024
750 Process_750 90 100 1024
751 Process_751 90 100 1024
752 Process_752 90 100 1024
753 Process_753 90 100 1024
754 Process_754 90 100 1024
755 Process_755 90 100 1024
756 Process_756 90 100 1024
757 Process_757 90 100 1024
758 Process_758 90 100 1024
759 Process_759 90 100 1024
760 Process_760 90 100 1024
761 Process_761 90 100 1024
762 Process_762 90 100 1024
763 Process_763 90 100 1024
764 Process_764 90 100 1024
765 Process_765 90 100 1024
766 Process_766 90 100 1024
767 Process_767 90 100 1024
768 Process_768 90 100 1024
769 Process_769 90 100 1024
770 Process_770 90 100 1024
771 Process_771 90 100 1024
772 Process_772 90 100 1024
773 Process_773 90 100 1024
774 Process_774 90 100 1024
775 Process_775 90 100 1024
776 Process_776 90 100 1024
777 Process_777 90 100 1024
778 Process_778 90 100 1024
779 Process_779 90 100 1024
780 Process_780 90 100 1024
781 Process_781 90 100 1024
782 Process_782 90 100 1024
783 Process_783 90 100 1024
784 Process_784 90 100 1024
785 Process_785 90 100 1024
786 Process_786 90 100 1024
787 Process_787 90 100 1024
788 Process_788 90 100 1024
789 Process_789 90 100 1024
790 Process_790 90 100 1024
791 Process_791 90 100 1024
792 Process_792 90 100 1024
793 Process_793 90 100 1024
794 Process_794 90 100 1024
795 Process_795 90 100 1024
796 Process_796 90 100 1024
797 Process_797 90 100 1024
798 Process_798 90 100 1024
799 Process_799 90 100 1024
800 Process_800 90 100 1024
801 Process_801 90 100 1024
802 Process_802 90 100 1024
803 Process_803 90 100 1024
804 Process_804 90 100 1024
805 Process_805 90 100 1024
806 Process_806 90 100 1024
807 Process_807 90 100 1024
808 Process_808 90 100 1024
809 Process_809 90 100 1024
810 Process_810 90 100 1024
811 Process_811 90 100 1024
812 Process_812 90 100 1024
813 Process_813 90 100 1024
814 Process_814 90 100 1024
815 Process_815 90 100 1024
816 Process_816 90 100 1024
817 Process_817 90 100 1024
818 Process_818 90 100 1024
819 Process_819 90 100 1024
820 Process_820 90 100 1024
821 Process_821 90 100 1024
822 Process_822 90 100 1024
823 Process_823 90 100 1024
824 Process_824 90 100 1024
825 Process_825 90 100 1024
826 Process_826 90 100 1024
827 Process_827 90 100 1024
828 Process_828 90 100 1024
829 Process_829 90 100 1024
830 Process_830 90 100 1024
831 Process_831 95 100 1024
832 Process_832 90 100 1024
833 Process_833 90 100 1024
834 Process_834 90 100 1024
835 Process_835 90 100 1024
836 Process_836 90 100 1024
837 Process_837 90 100 1024
838 Process_838 90 100 1024
839 Process_839 90 100 1024
840 Process_840 90 100 1024
841 Process_841 90 100 1024
842 Process_842 90 100 1024
843 Process_843 90 100 1024
844 Process_844 90 100 1024
845 Process_845 90 100 1024
846 Process_846 90 100 1024
847 Process_847 90 100 1024
848 Process_848 90 100 1024
849 Process_849 90 100 1024
850 Process_850 90 100 1024
851 Process_851 90 100 1024
852 Process_852 90 100 1024
853 Process_853 90 100 1024
854 Process_854 90 100 1024
855 Process_855 90 100 1024
856 Process_856 90 100 1024
857 Process_857 90 100 1024
858 Process_858 90 100 1024
859 Process_859 90 100 1024
860 Process_860 90 100 1024
861 Process_861 90 100 1024
862 Process_862 90 100 1024
863 Process_863 90 100 1024
864 Process_864 90 100 1024
865 Process_865 90 100 1024
866 Process_866 90 100 1024
867 Process_867 90 100 1024
868 Process_868 90 100 1024
869 Process_869 90 100 1024
870 Process_870 90 100 1024
871 Process_871 90 100 1024
872 Process_872 90 100 1024
873 Process_873 90 100 1024
874 Process_874 95 100 1024
875 Process_875 95 100 1024
876 Process_876 95 100 1024
877 Process_877 95 100 1024
878 Process_878 95 100 1024
879 Process_879 95 100 1024
880 Process_880 95 100 1024
882 Process_882 95 100 1024
883 Process_883 95 100 1024
884 Process_884 95 100 1024
885 Process_885 95 100 1024
886 Process_886 95 100 1024
887 Process_887 95 100 1024
888 Process_888 95 100 1024
889 Process_889 95 100 1024
890 Process_890 95 100 1024
891 Process_891 95 100 1024
892 Process_892 95 100 1024
893 Process_893 95 100 1024
894 Process_894 95 100 1024
895 Process_895 95 100 1024
896 Process_896 95 100 1024
897 Process_897 95 100 1024
898 Process_898 95 100 1024
899 Process_899 95 100 1024
900 Process_900 95 100 1024
901 Process_901 95 100 1024
902 Process_902 95 100 1024
903 Process_903 95 100 1024
904 Process_904 95 100 1024
905 Process_905 95 100 1024
906 Process_906 95 100 1024
907 Process_907 95 100 1024
908 Process_908 95 100 1024
909 Process_909 95 100 1024
910 Process_910 95 100 1024
911 Process_911 95 100 1024
912 Process_912 95 100 1024
913 Process_913 95 100 1024
914 Process_914 95 100 1024
915 Process_915 95 100 1024
916 Process_916 95 100 1024
917 Process_917 95 100 1024
918 Process_918 95 100 1024
919 Process_919 95 100 1024
920 Process_920 95 100 1024
921 Process_921 95 100 1024
922 Process_922 95 100 1024
923 Process_923 95 100 1024
924 Process_924 95 100 1024
925 Process_925 95 100 1024
926 Process_926 95 100 1024
927 Process_927 95 100 1024
928 Process_928 95 100 1024
929 Process_929 95 100 1024
930 Process_930 95 100 1024
931 Process_931 95 100 1024
932 Process_932 95 100 1024
933 Process_933 95 100 1024
934 Process_934 95 100 1024
935 Process_935 95 100 1024
936 Process_936 95 100 1024
937 Process_937 95 100 1024
938 Process_938 95 100 1024
939 Process_939 95 100 1024
940 Process_940 95 100 1024
941 Process_941 95 100 1024
942 Process_942 95 100 1024
943 Process_943 95 100 1024
944 Process_944 95 100 1024
946 Process_946 95 100 1024
947 Process_947 95 100 1024
948 Process_948 95 100 1024
949 Process_949 95 100 1024
950 Process_950 95 100 1024
951 Process_951 95 100 1024
952 Process_952 95 100 1024
953 Process_953 95 100 1024
954 Process_954 95 100 1024
955 Process_955 95 100 1024
956 Process_956 95 100 1024
957 Process_957 95 100 1024
958 Process_958 95 100 1024
959 Process_959 95 100 1024
960 Process_960 95 100 1024
961 Process_961 95 100 1024
962 Process_962 95 100 1024
963 Process_963 95 100 1024
964 Process_964 95 100 1024
965 Process_965 95 100 1024
966 Process_966 95 100 1024
